0.00
3.90
7.40
10.70
13.70
16.60
19.41
22.01
24.61
27.21
29.71
32.21
34.71
37.21
39.71
42.21
44.91
47.51
50.31
53.21
56.32
59.62
63.12
67.02
71.42
76.52
82.72
90.63
101.03
113.43
124.93
134.24
141.94
148.34
153.94
158.94
163.45
167.65
171.45
175.15
178.55
181.45
183.95
186.45
188.85
191.25
193.65
196.05
198.46
200.96
203.36
205.86
208.36
210.96
213.66
216.36
219.26
222.26
225.36
228.56
231.96
235.57
239.17
242.87
246.47
249.97
253.37
256.47
259.47
262.17
264.77
267.27
269.67
271.98
274.18
276.28
278.48
280.58
282.68
284.78
286.98
289.18
291.48
293.78
296.28
298.98
301.98
305.28
308.99
313.59
319.49
327.19
336.19
344.10
350.40
355.60
